85
53
84
98
56
60
19
59
13
7
40
2
0
29
96
89
77
96
31
85
38
26
38
97
28
45
35
37
36
52
9
93
79
74
91
40
90
16
26
46
84
71
63
99
46
96
71
23
92
58
99
7
54
82
93
89
34
8
96
8
41
25
60
2
9
21
21
43
17
97
26
96
33
11
95
13
94
5
16
53
90
99
73
68
5
28
78
53
51
13
48
74
62
38
3
37
76
57
35
79
89
81
38
28
19
37
72
29
0
55
70
90
50
92
81
87
91
60
22
70
11
10
27
80
42
6
1
74
31
32
94
34
99
27
82
27
67
90
94
97
40
10
97
99
65
61
90
79
17
39
56
96
60
76
48
16
11
6
62
4
91
20
31
5
85
44
11
17
5
98
12
3
70
47
41
15
63
34
33
55
49
0
12
15
43
51
1
44
52
21
58
0
75
99
73
25
80
46
32
85
96
25
27
42
43
37
31
79
47
74
43
4
64
24
67
62
23
11
72
75
60
99
58
57
60
87
70
65
85
32
25
20
60
3
63
66
93
49
77
23
61
79
25
47
35
98
92
50
9
55
50
49
77
85
21
36
33
37
92
77
66
75
43
18
66
47
92
51
81
50
74
63
2
32
98
69
36
74
19
58
32
29
22
74
98
54
91
53
63
5
97
29
13
98
16
26
82
27
14
13
12
52
95
90
70
60
20
48
60
97
24
39
62
16
30
51
43
26
9
55
97
39
33
53
92
62
90
1
39
50
52
57
56
36
34
32
24
16
68
46
16
75
76
77
31
55
84
30
48
51
34
83
60
19
50
46
20
86
45
98
2
63
31
25
38
97
46
7
17
29
26
22
90
86
58
19
60
48
89
85
68
82
70
57
3
69
18
38
98
82
75
31
6
15
11
79
3
72
83
37
72
73
58
64
28
68
70
15
12
69
9
71
73
5
97
61
59
44
66
71
77
19
42
2
4
83
44
18
69
8
30
19
18
53
52
53
0
45
84
58
76
23
64
4
66
3
40
58
4
22
78
72
72
8
81
67
19
57
53
46
26
89
77
56
50
25
35
23
8
36
73
63
16
66
53
84
71
53
50
76
21
1
50
1
49
54
41
67
12
54
79
31
20
64
63
73
85
13
76
88
51
57
32
72
47
54
13
19
12
34
87
57
30
51
69
42
94
40
12
90
18
74
90
38
77
76
33
78
18
65
99
79
24
49
22
5
93
23
68
9
97
2
96
23
52
26
45
24
21
82
60
96
26
81
22
69
71
58
25
30
66
69
31
12
73
47
89
56
51
37
86
71
58
42
40
58
43
35
12
77
5
49
77
28
91
58
75
82
16
17
78
2
52
48
78
87
81
31
71
39
45
76
38
24
39
57
39
76
34
22
83
23
5
16
53
95
38
99
36
64
22
33
4
30
33
0
54
72
63
62
67
27
42
75
85
84
29
20
93
23
18
39
85
85
75
32
54
80
86
87
74
23
67
59
51
77
73
3
72
15
5
16
50
79
55
20
87
95
62
90
75
39
90
50
35
15
82
16
23
61
92
29
41
35
74
75
12
92
55
35
76
13
90
28
55
84
99
45
8
21
7
95
28
50
63
63
98
13
46
77
1
23
84
51
61
36
6
39
78
83
35
14
21
13
78
42
82
70
47
16
84
95
64
84
76
1
0
6
36
67
31
45
94
41
77
7
61
83
93
17
6
45
46
65
65
31
73
2
3
20
82
39
90
63
57
45
88
7
98
14
97
2
81
47
36
21
87
58
55
78
90
25
98
95
80
44
86
91
99
97
18
63
49
99
83
83
43
88
66
6
28
77
95
20
96
28
42
88
63
60
69
15
25
70
28
52
80
51
89
37
60
75
64
7
59
12
67
82
44
43
69
95
31
41
12
35
23
70
89
85
73
61
48
29
5
8
64
38
2
42
73
69
92
22
37
95
29
22
2
96
73
82
78
82
18
60
57
18
0
25
56
49
60
65
71
76
88
88
16
74
3
69
24
40
27
37
91
32
91
49
40
1
15
48
79
46
66
24
2
9
22
52
91
16
5
20
60
56
49
21
34
87
75
99
48
84
41
33
92
1
28
41
88
49
0
57
54
88
47
74
2
68
85
67
34
42
43
94
73
38
52
23
93
63
73
86
58
23
42
88
51
64
76
30
11
45
2
14
90
15
16
42
67
64
30
79
10
2
11
99
47
44
89
11
65
79
42
25
50
64
70
10
44
59
64
23
13
51
99
54
24
77
1
20
55
43
95
15
26
20
